8134 1
8135 3
8016 2
193 21
230 80
231 8
198 13
232 1061
233 1372
234 20
235 2
237 16
238 23
239 17
7956 2
10 237437
917 1
! 8210
" 1998
# 13
$ 28
% 12
& 68
7974 2
' 289
( 2044
) 2044
* 391
+ 12
, 177724
- 15896
. 82923
/ 139
241 731
0 2510
1 2503
243 5
2 1386
244 36
3 1150
4 916
5 1057
6 674
7 713
249 4
8 755
9 681
: 3301
; 26941
924 1
7969 1
925 3
7968 1
= 32
> 2
? 12332
928 1
@ 2
A 19173
B 8961
8033 1
C 11170
D 11396
E 11562
F 6636
G 5947
7984 6
8038 2
H 13619
I 44750
J 2816
K 1653
L 6544
M 15120
N 8347
8150 4
O 7946
252 1
P 8706
Q 3021
R 6510
S 16452
T 26731
U 2890
V 3712
W 11601
X 1122
Y 5225
Z 255
[ 493
] 490
32 1926171
_ 5332
a 713029
b 126238
8165 3
7992 1
c 204935
7991 1
65279 12
d 389118
e 1117239
f 195668
8048 2
g 172197
8049 2
h 577676
1495 1
i 576362
j 9667
1493 1
k 65568
l 352732
m 219838
n 618117
o 702045
p 140709
1008 1
q 8859
r 512157
s 558784
t 805341
u 260654
v 84698
w 199798
x 14573
y 180081
z 5155
945 38
{ 38
946 2
947 8
948 17
} 38
949 23
8057 8
8212 11425
8179 2
8058 2
8055 9
8056 3
8216 2678
8059 3
8050 2
8053 3
8054 8
8051 22
950 3
951 10
952 7
953 21
954 11
955 15
956 14
957 43
958 1
959 53
8220 34623
8221 33456
8226 4
8224 2
8060 4
8182 3
8061 1
163 4
8183 1
201 123
960 29
961 31
962 15
963 28
964 43
965 5
966 8
8217 21684
967 4
209 8
969 5
7941 1
7940 3
338 3
339 29
218 6
7936 6
8000 2
8004 7
7952 6
8482 57
224 16
225 12
226 211
228 1
